UNITS=MM
#Layer_Color=9474304
#
#Feature symbol names
#
$0 r127
$1 r169.33164

#
#Feature attribute names
#

#
#Layer features
#
A 88.4936 104.6988 88.4936 104.6988 87.9856 104.6988 1 P 0 N
L 73.914 89.2302 74.168 89.2302 0 P 0
L 73.914 89.2302 74.168 89.4842 0 P 0
L 73.914 89.7382 74.168 89.4842 0 P 0
L 73.914 89.7382 74.168 89.7382 0 P 0
L 74.0918 79.6798 74.0918 79.9338 0 P 0
L 74.0918 79.6798 74.3458 79.6798 0 P 0
L 74.0918 79.9338 74.3458 80.1878 0 P 0
L 74.0918 80.4418 74.0918 80.6958 0 P 0
L 74.0918 80.4418 74.3458 80.1878 0 P 0
L 74.0918 80.6958 74.3458 80.6958 0 P 0
L 74.168 89.2302 74.422 88.9762 0 P 0
L 74.168 89.7382 74.422 89.9922 0 P 0
L 74.3458 79.6798 74.5998 79.9338 0 P 0
L 74.3458 80.6958 74.5998 80.4418 0 P 0
L 74.422 88.9762 74.676 89.2302 0 P 0
L 74.422 89.9922 74.676 89.7382 0 P 0
L 74.5998 79.9338 74.8538 79.6798 0 P 0
L 74.5998 80.4418 74.8538 80.6958 0 P 0
L 74.676 89.2302 74.93 89.2302 0 P 0
L 74.676 89.4842 74.93 89.2302 0 P 0
L 74.676 89.4842 74.93 89.7382 0 P 0
L 74.676 89.7382 74.93 89.7382 0 P 0
L 74.8538 79.6798 75.1078 79.6798 0 P 0
L 74.8538 80.1878 75.1078 79.9338 0 P 0
L 74.8538 80.1878 75.1078 80.4418 0 P 0
L 74.8538 80.6958 75.1078 80.6958 0 P 0
L 75.1078 79.6798 75.1078 79.9338 0 P 0
L 75.1078 80.4418 75.1078 80.6958 0 P 0
L 78.0542 74.4982 78.0542 74.7522 0 P 0
L 78.0542 74.4982 78.3082 74.4982 0 P 0
L 78.0542 74.7522 78.3082 75.0062 0 P 0
L 78.0542 75.2602 78.0542 75.5142 0 P 0
L 78.0542 75.2602 78.3082 75.0062 0 P 0
L 78.0542 75.5142 78.3082 75.5142 0 P 0
L 78.3082 74.4982 78.5622 74.7522 0 P 0
L 78.3082 75.5142 78.5622 75.2602 0 P 0
L 78.5622 74.7522 78.8162 74.4982 0 P 0
L 78.5622 75.2602 78.8162 75.5142 0 P 0
L 78.8162 74.4982 79.0702 74.4982 0 P 0
L 78.8162 75.0062 79.0702 74.7522 0 P 0
L 78.8162 75.0062 79.0702 75.2602 0 P 0
L 78.8162 75.5142 79.0702 75.5142 0 P 0
L 79.0702 74.4982 79.0702 74.7522 0 P 0
L 79.0702 75.2602 79.0702 75.5142 0 P 0
L 79.248 73.533 79.248 73.787 0 P 0
L 79.248 73.533 79.502 73.533 0 P 0
L 79.248 73.787 79.502 74.041 0 P 0
L 79.248 74.295 79.248 74.549 0 P 0
L 79.248 74.295 79.502 74.041 0 P 0
L 79.248 74.549 79.502 74.549 0 P 0
L 79.502 73.533 79.756 73.787 0 P 0
L 79.502 74.549 79.756 74.295 0 P 0
L 79.756 73.787 80.01 73.533 0 P 0
L 79.756 74.295 80.01 74.549 0 P 0
L 80.01 73.533 80.264 73.533 0 P 0
L 80.01 74.041 80.264 73.787 0 P 0
L 80.01 74.041 80.264 74.295 0 P 0
L 80.01 74.549 80.264 74.549 0 P 0
L 80.264 73.533 80.264 73.787 0 P 0
L 80.264 74.295 80.264 74.549 0 P 0
L 80.7974 100.203 80.7974 101.219 0 P 0
L 80.7974 100.203 81.8134 100.203 0 P 0
L 80.7974 101.219 81.8134 101.219 0 P 0
L 80.899 57.9882 80.899 59.0042 0 P 0
L 80.899 57.9882 81.915 57.9882 0 P 0
L 80.899 59.0042 81.915 59.0042 0 P 0
L 81.661 92.5322 81.915 92.5322 0 P 0
L 81.661 92.5322 81.915 92.7862 0 P 0
L 81.661 93.0402 81.915 92.7862 0 P 0
L 81.661 93.0402 81.915 93.0402 0 P 0
L 81.8134 100.203 81.8134 101.219 0 P 0
L 81.8896 83.0072 82.3976 81.9912 0 P 0
L 81.8896 83.0072 82.9056 83.0072 0 P 0
L 81.915 57.9882 81.915 59.0042 0 P 0
L 81.915 92.5322 82.169 92.2782 0 P 0
L 81.915 93.0402 82.169 93.2942 0 P 0
L 82.042 83.3628 82.296 83.8708 0 P 0
L 82.042 83.3628 82.55 83.6168 0 P 0
L 82.042 84.3788 82.296 83.8708 0 P 0
L 82.042 84.3788 82.55 84.1248 0 P 0
L 82.169 92.2782 82.423 92.5322 0 P 0
L 82.169 93.2942 82.423 93.0402 0 P 0
L 82.3976 51.2318 82.3976 52.2478 0 P 0
L 82.3976 51.2318 83.4136 51.2318 0 P 0
L 82.3976 52.2478 83.4136 52.2478 0 P 0
L 82.3976 81.9912 82.9056 83.0072 0 P 0
L 82.423 92.5322 82.677 92.5322 0 P 0
L 82.423 92.7862 82.677 92.5322 0 P 0
L 82.423 92.7862 82.677 93.0402 0 P 0
L 82.423 93.0402 82.677 93.0402 0 P 0
L 82.55 83.6168 83.058 83.3628 0 P 0
L 82.55 84.1248 83.058 84.3788 0 P 0
L 82.804 83.8708 83.058 83.3628 0 P 0
L 82.804 83.8708 83.058 84.3788 0 P 0
L 83.4136 51.2318 83.4136 52.2478 0 P 0
L 83.55652326 88.07772326 84.06452326 87.06172326 0 P 0
L 83.55652326 88.07772326 84.57252326 88.07772326 0 P 0
L 84.06452326 87.06172326 84.57252326 88.07772326 0 P 0
L 84.836 87.9094 85.09 88.4174 0 P 0
L 84.836 87.9094 85.344 88.1634 0 P 0
L 84.836 88.9254 85.09 88.4174 0 P 0
L 84.836 88.9254 85.344 88.6714 0 P 0
L 84.8614 89.154 85.1154 89.662 0 P 0
L 84.8614 89.154 85.3694 89.408 0 P 0
L 84.8614 90.17 85.1154 89.662 0 P 0
L 84.8614 90.17 85.3694 89.916 0 P 0
L 85.344 88.1634 85.852 87.9094 0 P 0
L 85.344 88.6714 85.852 88.9254 0 P 0
L 85.3694 89.408 85.8774 89.154 0 P 0
L 85.3694 89.916 85.8774 90.17 0 P 0
L 85.598 88.4174 85.852 87.9094 0 P 0
L 85.598 88.4174 85.852 88.9254 0 P 0
L 85.6234 89.662 85.8774 89.154 0 P 0
L 85.6234 89.662 85.8774 90.17 0 P 0
L 86.0806 93.2434 86.0806 94.2594 0 P 0
L 86.0806 93.2434 87.0966 93.2434 0 P 0
L 86.0806 94.2594 87.0966 94.2594 0 P 0
L 87.0966 93.2434 87.0966 94.2594 0 P 0
L 88.6714 91.186 88.9254 91.694 0 P 0
L 88.6714 91.186 89.1794 91.44 0 P 0
L 88.6714 92.202 88.9254 91.694 0 P 0
L 88.6714 92.202 89.1794 91.948 0 P 0
L 89.1794 91.44 89.6874 91.186 0 P 0
L 89.1794 91.948 89.6874 92.202 0 P 0
L 89.4334 91.694 89.6874 91.186 0 P 0
L 89.4334 91.694 89.6874 92.202 0 P 0
L 89.4842 85.2932 89.4842 85.8012 0 P 0
L 89.4842 85.2932 89.7382 85.2932 0 P 0
L 89.4842 85.8012 89.7382 85.8012 0 P 0
L 89.7382 85.0392 89.7382 85.2932 0 P 0
L 89.7382 85.0392 90.2462 85.0392 0 P 0
L 89.7382 85.8012 89.7382 86.0552 0 P 0
L 89.7382 86.0552 90.2462 86.0552 0 P 0
L 89.916 89.1286 90.17 89.6366 0 P 0
L 89.916 89.1286 90.424 89.3826 0 P 0
L 89.916 90.1446 90.17 89.6366 0 P 0
L 89.916 90.1446 90.424 89.8906 0 P 0
L 90.2462 85.0392 90.2462 85.2932 0 P 0
L 90.2462 85.2932 90.5002 85.2932 0 P 0
L 90.2462 85.8012 90.2462 86.0552 0 P 0
L 90.2462 85.8012 90.5002 85.8012 0 P 0
L 90.424 89.3826 90.932 89.1286 0 P 0
L 90.424 89.8906 90.932 90.1446 0 P 0
L 90.5002 85.2932 90.5002 85.8012 0 P 0
L 90.678 89.6366 90.932 89.1286 0 P 0
L 90.678 89.6366 90.932 90.1446 0 P 0
