UNITS=MM
#Layer_Color=32768
#
#Feature symbol names
#
$0 r99.9998
$1 r199.9996
$2 r49.9999

#
#Feature attribute names
#

#
#Layer features
#
L 72.95879998 94.33999928 72.95879998 101.24000072 0 P 0
L 72.95879998 94.33999928 82.1238007 94.33999928 0 P 0
L 72.95879998 101.24000072 82.1238007 101.24000072 0 P 0
L 72.95900064 51.18539928 72.95900064 58.08540072 0 P 0
L 72.95900064 51.18539928 82.12400136 51.18539928 0 P 0
L 72.95900064 58.08540072 82.12400136 58.08540072 0 P 0
L 73.28973404 81.89048392 73.28973404 83.00631354 1 P 0
L 73.28973404 81.89048392 75.40186596 81.89048392 1 P 0
L 73.28973404 83.00631354 75.40186596 83.00631354 1 P 0
L 73.8720011 86.47313414 73.8720011 88.68526586 1 P 0
L 73.8720011 86.47313414 74.9719989 86.47313414 1 P 0
L 73.8720011 88.68526586 74.9719989 88.68526586 1 P 0
L 74.0498011 76.92273414 74.0498011 79.13486586 1 P 0
L 74.0498011 76.92273414 75.1497989 76.92273414 1 P 0
L 74.0498011 79.13486586 75.1497989 79.13486586 1 P 0
L 74.9719989 86.47313414 74.9719989 88.68526586 1 P 0
L 75.1497989 76.92273414 75.1497989 79.13486586 1 P 0
L 75.40186596 81.89048392 75.40186596 83.00631354 1 P 0
L 75.87901512 84.33140106 75.87901512 87.93139894 1 P 0
L 75.87901512 84.33140106 83.37898488 84.33140106 1 P 0
L 75.87901512 87.93139894 83.37898488 87.93139894 1 P 0
L 78.0122011 75.62733414 78.0122011 77.83946586 1 P 0
L 78.0122011 75.62733414 79.1121989 75.62733414 1 P 0
L 78.0122011 77.83946586 79.1121989 77.83946586 1 P 0
L 79.1121989 75.62733414 79.1121989 77.83946586 1 P 0
L 80.07439916 82.0992008 80.07439916 82.8991992 1 P 0
L 80.07439916 82.0992008 81.77440084 82.0992008 1 P 0
L 80.07439916 82.8991992 81.77440084 82.8991992 1 P 0
L 80.19139918 74.15880012 80.19139918 79.35879988 2 P 0
L 80.19139918 74.15880012 86.99140082 74.15880012 2 P 0
L 80.19139918 79.35879988 86.99140082 79.35879988 2 P 0
L 81.77440084 82.0992008 81.77440084 82.8991992 1 P 0
L 82.0109993 51.1850005 82.0109993 58.08500194 0 P 0
L 82.0109993 51.1850005 91.17600002 51.1850005 0 P 0
L 82.0109993 58.08500194 91.17600002 58.08500194 0 P 0
L 82.0109993 94.31459928 82.0109993 101.21460072 0 P 0
L 82.0109993 94.31459928 91.17600002 94.31459928 0 P 0
L 82.0109993 101.21460072 91.17600002 101.21460072 0 P 0
L 82.1238007 94.33999928 82.1238007 101.24000072 0 P 0
L 82.12400136 51.18539928 82.12400136 58.08540072 0 P 0
L 83.04413414 92.2362011 83.04413414 93.3361989 1 P 0
L 83.04413414 92.2362011 85.25626586 92.2362011 1 P 0
L 83.04413414 93.3361989 85.25626586 93.3361989 1 P 0
L 83.09139846 76.7588 84.091399 76.7588 0 P 0
L 83.1208015 57.8168008 83.1208015 58.61680174 2 P 0
L 83.1208015 57.8168008 84.62080104 57.8168008 2 P 0
L 83.1208015 58.61680174 84.62080104 58.61680174 2 P 0
L 83.37898488 84.33140106 83.37898488 87.93139894 1 P 0
L 83.5708006 58.2168 84.1707994 58.2168 0 P 0
L 83.5914 76.258801 83.5914 77.258799 0 P 0
L 83.8708 57.9168006 83.8708 58.5167994 0 P 0
L 84.62080104 57.8168008 84.62080104 58.61680174 2 P 0
L 85.25626586 92.2362011 85.25626586 93.3361989 1 P 0
L 86.45264396 88.11200056 86.45264396 91.21199944 1 P 0
L 86.45264396 88.11200056 89.82335604 88.11200056 1 P 0
L 86.45264396 91.21199944 89.82335604 91.21199944 1 P 0
L 86.90493414 84.9972011 86.90493414 86.0971989 1 P 0
L 86.90493414 84.9972011 89.11706586 84.9972011 1 P 0
L 86.90493414 86.0971989 89.11706586 86.0971989 1 P 0
L 86.99140082 74.15880012 86.99140082 79.35879988 2 P 0
L 89.11706586 84.9972011 89.11706586 86.0971989 1 P 0
L 89.65528932 100.39488938 89.65528932 105.85311062 1 P 0
L 89.65528932 100.39488938 92.51351068 100.39488938 1 P 0
L 89.65528932 105.85311062 92.51351068 105.85311062 1 P 0
L 89.82335604 88.11200056 89.82335604 91.21199944 1 P 0
L 91.17600002 51.1850005 91.17600002 58.08500194 0 P 0
L 91.17600002 94.31459928 91.17600002 101.21460072 0 P 0
L 92.51351068 100.39488938 92.51351068 105.85311062 1 P 0
