UNITS=MM
#Layer_Color=16711935
#
#Feature symbol names
#
$0 r99.9998
$1 r199.9996

#
#Feature attribute names
#

#
#Layer features
#
A 82.99139866 78.35879934 82.99139866 78.35879934 82.49139966 78.35879934 0 P 0 N
L 73.845801 82.1984005 73.845801 82.6983995 1 P 0
L 73.845801 82.1984005 74.845799 82.1984005 1 P 0
L 73.845801 82.6983995 74.845799 82.6983995 1 P 0
L 74.0220008 86.77919906 74.0220008 88.37920094 1 P 0
L 74.0220008 86.77919906 74.8219992 86.77919906 1 P 0
L 74.0220008 88.37920094 74.8219992 88.37920094 1 P 0
L 74.16609754 63.09469982 74.16609754 67.99470018 1 P 0
L 74.16609754 63.09469982 80.05609846 63.09469982 1 P 0
L 74.16609754 67.99470018 80.05609846 67.99470018 1 P 0
L 74.17880008 95.33999982 74.17880008 100.24000018 1 P 0
L 74.17880008 95.33999982 80.068801 95.33999982 1 P 0
L 74.17880008 100.24000018 80.068801 100.24000018 1 P 0
L 74.1998008 77.22879906 74.1998008 78.82880094 1 P 0
L 74.1998008 77.22879906 74.9997992 77.22879906 1 P 0
L 74.1998008 78.82880094 74.9997992 78.82880094 1 P 0
L 74.8219992 86.77919906 74.8219992 88.37920094 1 P 0
L 74.845799 82.1984005 74.845799 82.6983995 1 P 0
L 74.9997992 77.22879906 74.9997992 78.82880094 1 P 0
L 77.37899942 84.58140056 77.37899942 87.68139944 1 P 0
L 77.37899942 84.58140056 81.87900058 84.58140056 1 P 0
L 77.37899942 87.68139944 81.87900058 87.68139944 1 P 0
L 78.1622008 75.93339906 78.1622008 77.53340094 1 P 0
L 78.1622008 75.93339906 78.9621992 75.93339906 1 P 0
L 78.1622008 77.53340094 78.9621992 77.53340094 1 P 0
L 78.9621992 75.93339906 78.9621992 77.53340094 1 P 0
L 80.05609846 63.09469982 80.05609846 67.99470018 1 P 0
L 80.068801 95.33999982 80.068801 100.24000018 1 P 0
L 80.3744011 82.22419928 80.3744011 82.77420072 1 P 0
L 80.3744011 82.22419928 81.4743989 82.22419928 1 P 0
L 80.3744011 82.77420072 81.4743989 82.77420072 1 P 0
L 81.4743989 82.22419928 81.4743989 82.77420072 1 P 0
L 81.59139892 74.25879992 81.59139892 79.25880008 0 P 0
L 81.59139892 74.25879992 85.59139854 74.25879992 0 P 0
L 81.59139892 79.25880008 85.59139854 79.25880008 0 P 0
L 81.87900058 84.58140056 81.87900058 87.68139944 1 P 0
L 82.2373006 70.04929856 82.2373006 71.1492989 0 P 0
L 82.2373006 70.04929856 82.8372994 70.04929856 0 P 0
L 82.2373006 71.1492989 82.8372994 71.1492989 0 P 0
L 82.8372994 70.04929856 82.8372994 71.1492989 0 P 0
L 83.35019906 92.3862008 83.35019906 93.1861992 1 P 0
L 83.35019906 92.3862008 84.95020094 92.3862008 1 P 0
L 83.35019906 93.1861992 84.95020094 93.1861992 1 P 0
L 84.053299 63.09430104 84.053299 67.9943014 1 P 0
L 84.053299 63.09430104 89.94329992 63.09430104 1 P 0
L 84.053299 67.9943014 89.94329992 67.9943014 1 P 0
L 84.065999 95.31459982 84.065999 100.21460018 1 P 0
L 84.065999 95.31459982 89.95599992 95.31459982 1 P 0
L 84.065999 100.21460018 89.95599992 100.21460018 1 P 0
L 84.95020094 92.3862008 84.95020094 93.1861992 1 P 0
L 85.08540514 85.1472008 85.08540514 85.9471992 1 P 0
L 85.08540514 85.1472008 86.68540702 85.1472008 1 P 0
L 85.08540514 85.9471992 86.68540702 85.9471992 1 P 0
L 85.59139854 74.25879992 85.59139854 79.25880008 0 P 0
L 86.68540702 85.1472008 86.68540702 85.9471992 1 P 0
L 87.32549972 88.21200036 87.32549972 91.11199964 1 P 0
L 87.32549972 88.21200036 88.95050028 88.21200036 1 P 0
L 87.32549972 91.11199964 88.95050028 91.11199964 1 P 0
L 88.95050028 88.21200036 88.95050028 91.11199964 1 P 0
L 89.50969906 102.09550066 89.50969906 105.29549934 1 P 0
L 89.50969906 102.09550066 91.10970094 102.09550066 1 P 0
L 89.50969906 105.29549934 91.10970094 105.29549934 1 P 0
L 89.94329992 63.09430104 89.94329992 67.9943014 1 P 0
L 89.95599992 95.31459982 89.95599992 100.21460018 1 P 0
L 91.10970094 102.09550066 91.10970094 105.29549934 1 P 0
