UNITS=MM
#Layer_Color=9474304
#
#Feature symbol names
#
$0 r127

#
#Feature attribute names
#

#
#Layer features
#
L 74.1720005 89.4842 74.6719995 89.4842 0 P 0
L 74.3998004 80.1878 74.7997996 80.1878 0 P 0
L 74.422 89.2342005 74.422 89.7341995 0 P 0
L 74.5998 79.9878004 74.5998 80.3877996 0 P 0
L 78.3622004 75.0062 78.7621996 75.0062 0 P 0
L 78.5622 74.8062004 78.5622 75.2061996 0 P 0
L 79.5560004 74.041 79.9559996 74.041 0 P 0
L 79.756 73.8410004 79.756 74.2409996 0 P 0
L 80.00010162 69.6087 80.35009838 69.6087 0 P 0
L 80.1751 69.43370162 80.1751 69.78369838 0 P 0
L 81.13040162 100.711 81.48039838 100.711 0 P 0
L 81.3054 100.53600162 81.3054 100.88599838 0 P 0
L 81.9190005 92.7862 82.4189995 92.7862 0 P 0
L 82.169 92.5362005 82.169 93.0361995 0 P 0
L 82.25760028 82.4992 82.53759972 82.4992 0 P 0
L 82.3976 82.35920028 82.3976 82.63919972 0 P 0
L 82.42750088 83.8708 82.67249912 83.8708 0 P 0
L 82.55 83.74830088 82.55 83.99329912 0 P 0
L 83.92452354 87.56972326 84.20452298 87.56972326 0 P 0
L 84.01330162 61.8617 84.36329838 61.8617 0 P 0
L 84.06452326 87.42972354 84.06452326 87.70972298 0 P 0
L 84.1883 61.68670162 84.1883 62.03669838 0 P 0
L 85.22150088 88.4174 85.46649912 88.4174 0 P 0
L 85.24690088 89.662 85.49189912 89.662 0 P 0
L 85.344 88.29490088 85.344 88.53989912 0 P 0
L 85.3694 89.53950088 85.3694 89.78449912 0 P 0
L 86.41360162 93.7514 86.76359838 93.7514 0 P 0
L 86.5886 93.57640162 86.5886 93.92639838 0 P 0
L 87.39273606 105.14565966 88.39273406 105.14565966 0 P 0
L 87.60900182 85.5472 88.15899818 85.5472 0 P 0
L 87.884 85.27220182 87.884 85.82219818 0 P 0
L 87.89273506 104.64566066 87.89273506 105.64565866 0 P 0
L 89.05690088 91.694 89.30189912 91.694 0 P 0
L 89.1794 91.57150088 89.1794 91.81649912 0 P 0
L 90.30150088 89.6366 90.54649912 89.6366 0 P 0
L 90.424 89.51410088 90.424 89.75909912 0 P 0
L 92.235401 105.2068 93.235399 105.2068 0 P 0
L 92.7354 104.706801 92.7354 105.706799 0 P 0
